00000000000000000000000000000000 00000 00000000000000000000000000000000 1 00000000000000000000000000000000 00000000000000000000000000000000 0
00000000000000000000000000000100 00001 00000000000000000000000000000000 1 00000000000000000000000000000000 00000000000000000000000000000000 0
00000000000000000000000000001000 00010 11111111111111111111111111111111 1 00000000000000000000000000000100 00000000000000000000000000000000 0
00000000000000000000000000001100 00011 01111111111111111111111111111101 1 01111111111111111111111111111101 01111111111111111111111111111110 0
00000000000000000000000000010000 00100 10000000000000000000000000000001 1 10000000000000000000000000000001 01111111111111111111111111111110 0
00000000000000000000000000010100 00101 01111111111111111111111111111110 1 01111111111111111111111111111110 01111111111111111111111111111110 0
00000000000000000000000000011000 00110 11111111111111111111111111111111 1 11111111111111111111111111111111 01111111111111111111111111111110 0
00000000000000000000000000011100 00111 10000000000000000000000000000001 1 10000000000000000000000000000001 01111111111111111111111111111110 0
00000000000000000000000000100000 00000 00000000000000000000000000000000 0 00000000000000000000000000000000 00000000000000000000000000000000 0
00000000000000000000000000100100 00000 00000000000000000000000000000000 1 00000000000000000000000000000000 00000000000000000000000000000000 0
00000000000000000000000000101000 00110 00000000000000000000000000000000 0 00000000000000000000000000000000 11111111111111111111111111111111 0
00000000000000000000000000110000 00001 00000000000000000000000000001000 0 00000000000000000000000000001000 11111111111111111111111111111111 1
00000000000000000000000000110100 01000 00000000000000000000000000001000 0 00000000000000000000000000001000 00000000000000000000000000000000 1
00000000000000000000000000111000 00000 00000000000000000000000000000000 1 00000000000000000000000000000000 00000000000000000000000000000000 0
00000000000000000000000000111100 00000 00000000000000000000000000000000 1 00000000000000000000000000000000 00000000000000000000000000000000 0
